####
#
#	OBJ File Generated by LightWave3D
#	LightWave3D OBJ Export v2.2
#
####
#	Object: 3
#
#	                Vertices: 254
#	                  Points: 0
#	                   Lines: 0
#	                   Faces: 900
#	               Materials: 1
#
####

o 3

#	             Vertex list

v 46.8063 55.4079 -67.5867
v 40.6326 75.5707 -56.0985
v 30.551 66.9716 -70.0879
v 6.1171 72.6603 -74.2084
v 7.36268 85.1834 -61.4851
v -22.7923 82.0836 -60.0321
v -22.7272 69.3078 -72.1374
v -4.97329 56.18 -83.0206
v -45.8675 71.9881 -53.506
v -46.1691 55.4578 -67.5741
v 60.1037 46.0332 -59.0252
v 63.9498 2.23707 -57.6504
v 57.3666 5.93574 -69.2574
v 44.9956 22.811 -77.7757
v 29.9709 23.7883 -85.2867
v 16.042 25.79 -89.1928
v 23.1857 52.3981 -80.6699
v 0.247026 29.324 -90.5382
v -30.2952 43.7214 -80.756
v -14.9592 25.6902 -89.3392
v -29.2455 7.14381 -86.4383
v -59.4939 46.0778 -58.9882
v -63.2986 3.533 -57.7386
v -66.0876 31.7975 -48.3836
v -44.8339 23.6095 -77.3095
v -57.1639 18.471 -67.8468
v 53.5281 -38.3035 -66.2459
v 36.8236 -40.5142 -78.38
v 43.7296 -11.2268 -79.8998
v 24.952 -40.7878 -83.8164
v 28.3635 -12.5965 -87.7759
v 6.36619 -40.2164 -88.2458
v -0.30398 -16.6315 -93.0845
v -16.9308 -43.3265 -85.5497
v -31.0732 -25.1489 -85.3521
v -44.308 -10.5304 -78.9159
v -56.0026 -28.2402 -66.2141
v -63.4639 -32.4667 -50.3224
v -48.2859 -37.9869 -71.0522
v 48.5529 -66.4327 -55.6615
v 18.7365 -90.9679 -48.239
v 31.9534 -77.3341 -59.1297
v 31.755 -63.39 -70.4989
v 5.8225 -80.3134 -65.1362
v 6.13415 -65.4014 -76.7768
v -5.67788 -92.1742 -50.0965
v -19.1293 -79.6637 -62.7934
v -18.8365 -65.4341 -74.3529
v -44.0965 -73.7582 -53.4006
v -42.605 -56.6432 -68.0283
v 56.6711 75.4001 -4.73013
v 63.9481 60.7286 -6.01442
v 48.734 82.2322 -9.732
v 46.8434 81.5198 -3.30223
v 40.0492 83.0455 -6.25478
v 58.2996 71.2307 -26.8659
v 45.1832 82.8979 -32.3343
v 59.7341 61.4409 -46.219
v 29.6078 84.7477 -5.07537
v 16.699 95.4528 -14.191
v 9.06163 93.3511 -44.469
v 29.6904 91.4732 -33.6434
v 8.32312 97.0903 -28.2126
v 16.1186 92.3212 -6.77014
v 0.30945 97.5861 -14.5656
v -16.0836 95.4391 -14.1525
v -15.4956 92.3028 -6.71599
v -28.9449 84.7437 -5.06676
v -21.0297 94.9636 -28.2331
v -22.4759 90.5915 -44.0713
v -63.3295 60.7317 -5.98709
v -46.2646 81.5256 -3.27866
v -39.4363 83.044 -6.25439
v -48.1101 82.2291 -9.70512
v -44.5619 82.9171 -32.2759
v -57.6776 71.2488 -26.8109
v -59.1152 61.455 -46.1995
v -56.0518 75.3995 -4.70183
v 66.197 48.7511 -35.9798
v 67.4353 3.49174 -10.8896
v 67.0479 34.1492 -46.5019
v -65.8839 47.2795 -36.3262
v 63.2973 -50.6717 -41.9295
v 66.1816 -13.8389 -43.0543
v 66.454 -23.2885 -13.1097
v -64.5743 -51.8701 -35.0699
v -67.2727 -25.2635 -8.80737
v -66.801 -2.41768 -14.8966
v 65.5176 -52.4032 -19.0587
v 48.212 -85.4154 -29.9737
v 59.4944 -74.1891 -22.6654
v 37.034 -91.0827 -34.8484
v 57.6495 -61.885 -46.4416
v 30.7965 -100.45 -10.3996
v 18.6507 -98.9335 -31.852
v 6.13657 -104.817 -13.0043
v -18.5641 -103.647 -10.9374
v -5.97532 -100.449 -32.9718
v -30.9936 -96.205 -28.9302
v -31.6873 -88.2338 -44.9621
v -42.5716 -95.2173 -8.24968
v -59.5303 -74.1198 -22.6999
v -48.212 -85.4153 -29.9739
v -57.6694 -61.8076 -46.4884
v 38.4425 84.7982 23.5176
v 65.064 60.5444 28.7066
v 66.3382 53.5869 41.3983
v 54.0145 76.0051 9.11184
v 53.4702 76.4239 14.4691
v 48.6385 80.0486 20.4497
v 56.2448 74.1208 18.683
v 34.042 85.6159 23.2063
v 44.1378 82.7592 22.5423
v 45.8836 90.0009 44.2612
v 50.781 78.5136 18.6953
v 56.8812 82.7313 40.7899
v 43.5751 87.9467 30.8074
v 51.0255 78.9134 1.08597
v 21.8035 85.8279 14.9558
v 28.6997 85.7857 21.8493
v 0.224454 105.675 36.8256
v 10.7504 92.2929 22.4673
v 8.96818 99.7876 45.0532
v 16.4926 96.3799 35.434
v 20.4306 85.8134 8.06889
v 8.80845 92.8346 7.434
v 22.0072 85.6613 2.4127
v 0.335048 93.8302 19.3993
v -19.8191 85.8111 8.08859
v -28.1388 85.7921 21.8614
v -33.4287 85.6148 23.2063
v -21.187 85.8254 14.9488
v -9.56799 92.4781 22.3624
v -15.3695 96.9435 36.309
v -8.1961 92.824 7.50621
v -21.3906 85.6585 2.41929
v -64.4365 60.5203 28.515
v -56.5917 82.7677 41.6925
v -52.85 76.4279 14.4962
v -47.9714 80.0855 20.4856
v -42.9261 87.9523 30.8045
v -43.5207 82.7596 22.5432
v -37.8239 84.7993 23.5179
v -45.5871 89.9817 44.6477
v -50.1385 78.5157 18.7227
v -55.6125 74.134 18.7145
v -50.4076 78.9136 1.08038
v -53.4044 76.0032 9.13988
v 65.5297 2.63369 46.0529
v 67.3806 41.7501 23.415
v 66.8478 19.9705 15.5739
v -65.5065 8.61569 41.0878
v -66.4318 50.4786 39.5796
v -67.9212 7.40807 28.6879
v -66.1354 22.3593 9.98831
v -68.0558 12.4698 4.93543
v 63.2139 -39.7973 40.7623
v 68.021 -10.618 35.8525
v 67.7437 -31.484 9.22015
v -66.5044 -9.63457 41.2418
v -62.8892 -51.1241 31.9318
v -68.0307 -26.5554 24.2735
v -66.2994 -37.7271 8.56208
v 64.1393 -57.9053 8.99685
v 55.4531 -62.3574 44.1179
v 60.2165 -62.994 29.0634
v 48.39 -84.8156 28.6454
v 57.7325 -79.8202 0.641018
v 47.5279 -92.0576 2.04835
v 29.6178 -94.6992 36.8665
v 31.2932 -100.125 12.5216
v 6.50017 -104.834 12.1863
v -19.872 -103.204 12.0541
v -63.9579 -61.0892 2.70825
v -42.6844 -83.6176 43.8703
v -54.7807 -73.1269 34.6633
v -57.7325 -79.8202 0.640985
v -40.3398 -95.9211 12.4878
v 43.0026 62.3883 76.0527
v 59.1393 59.8939 61.4728
v 56.4276 78.5935 55.9135
v 47.5558 85.2166 59.6011
v 50.0985 74.0572 68.1961
v 14.1554 68.8535 83.3399
v 28.4366 63.5553 80.4668
v 19.7405 67.4466 82.8859
v 28.3343 92.8614 63.5731
v 6.68773 98.0094 62.6702
v 13.203 97.0774 58.7731
v 1.16941 100.314 51.4094
v 7.35765 98.1835 59.3491
v 13.4489 96.4495 59.939
v 18.3599 88.7988 75.8602
v 0.279165 70.5667 85.4717
v 0.30818 98.7336 63.2575
v 0.153989 97.5239 70.0636
v -5.63497 98.7732 59.456
v -13.5387 68.8531 83.3398
v -1.96196 91.7543 77.06
v -19.1267 67.4459 82.8887
v -27.8196 63.5543 80.4664
v -6.0712 98.0091 62.6698
v -21.1401 87.5288 75.229
v -12.576 97.0816 58.7795
v -12.8272 96.4143 59.9342
v -27.0071 93.1789 63.0758
v -8.71942 98.7273 48.5422
v -53.2606 71.9531 66.0834
v -42.389 62.4008 76.0495
v -47.8175 85.2509 59.2478
v -56.6663 79.0384 55.1273
v 62.9488 11.673 54.4663
v 51.941 21.1809 68.6297
v 50.089 7.89278 69.5446
v 50.9433 10.2018 69.2761
v 41.4375 53.0428 76.9887
v 55.2614 51.7676 68.7001
v 49.742 37.8646 72.38
v -49.4662 7.90312 69.5481
v -40.8204 53.0426 76.9885
v -51.3323 21.1871 68.6229
v -50.3158 10.1972 69.2843
v -61.7205 9.95942 55.2166
v -64.1057 44.6439 50.6163
v -49.1175 37.8839 72.3842
v -54.6705 51.874 68.6768
v 42.2945 -6.23912 77.8064
v 61.3892 -15.0746 53.7022
v 41.4545 -36.9422 75.7388
v 33.6041 -15.9228 87.1172
v 33.3372 -49.8742 79.2115
v 16.5671 -16.0448 92.5126
v 16.7803 -40.1898 88.0607
v -33.0682 -15.9184 87.2969
v -17.7485 -16.0241 92.1737
v -33.0586 -49.0076 79.8337
v -18.0946 -40.0877 87.8821
v -62.3963 -33.5918 46.5116
v -41.6767 -6.23874 77.8062
v -41.4642 -35.4054 76.1796
v -58.3336 -20.8023 56.565
v 45.893 -62.02 61.1349
v 46.1704 -77.8895 46.8609
v 29.6684 -75.1426 66.5767
v 28.1678 -87.5721 53.2541
v 18.1741 -62.5912 78.9384
v 7.28078 -78.583 68.7607
v 6.18908 -93.9386 49.749
v -21.177 -62.0259 78.2975
v -19.2078 -77.3389 68.4371
v -32.5636 -89.1549 47.1276
v -16.4292 -93.2335 49.688
v -48.379 -56.8466 60.2195
v -38.6156 -71.4103 63.1272

#	    Point/Line/Face list

usemtl ð‰]ì‰}ä‰uè‹E‹Pƒú„
f 87 162 163
f 88 156 87
f 87 156 162
f 156 154 162
f 155 156 88
f 156 155 154
f 155 152 154
f 154 152 160
f 154 160 162
f 177 176 178
f 174 176 177
f 174 161 176
f 163 162 174
f 175 251 178
f 252 248 172
f 173 252 172
f 251 252 173
f 178 251 173
f 176 175 178
f 162 161 174
f 175 254 251
f 252 247 248
f 250 247 252
f 251 250 252
f 254 250 251
f 176 254 175
f 253 254 176
f 161 238 176
f 238 253 176
f 162 238 161
f 253 236 254
f 250 246 247
f 249 246 250
f 254 249 250
f 236 249 254
f 162 160 238
f 253 240 236
f 237 233 246
f 249 237 246
f 236 237 249
f 238 241 253
f 241 240 253
f 240 234 236
f 237 232 233
f 235 232 237
f 234 235 237
f 234 237 236
f 241 234 240
f 36 39 35
f 33 35 34
f 33 34 32
f 23 38 37
f 36 37 39
f 23 24 38
f 24 87 163
f 35 39 50
f 35 50 34
f 38 24 86
f 24 163 86
f 32 34 45
f 34 48 45
f 34 50 48
f 37 38 104
f 104 38 86
f 39 37 50
f 37 104 50
f 45 48 44
f 48 47 44
f 48 50 47
f 50 49 47
f 50 104 49
f 49 103 100
f 47 100 46
f 44 47 46
f 47 49 100
f 104 86 102
f 49 104 103
f 104 102 103
f 86 174 102
f 86 163 174
f 100 103 99
f 46 100 98
f 100 99 98
f 99 103 101
f 98 99 97
f 98 97 96
f 99 101 97
f 103 102 101
f 102 177 101
f 102 174 177
f 96 97 172
f 97 173 172
f 97 101 173
f 101 178 173
f 101 177 178
f 80 85 159
f 158 80 159
f 151 80 158
f 149 151 158
f 158 159 157
f 166 168 167
f 167 168 169
f 166 164 168
f 157 159 164
f 167 169 171
f 170 167 171
f 170 171 172
f 248 170 172
f 243 167 170
f 245 243 170
f 245 170 248
f 243 166 167
f 165 166 243
f 157 164 166
f 244 243 245
f 244 242 243
f 247 245 248
f 247 244 245
f 242 165 243
f 157 166 165
f 231 242 244
f 246 244 247
f 246 231 244
f 242 157 165
f 229 242 231
f 233 231 246
f 228 157 242
f 229 228 242
f 228 158 157
f 230 229 231
f 232 230 233
f 230 231 233
f 230 228 229
f 29 28 27
f 31 33 32
f 30 31 32
f 29 31 30
f 28 29 30
f 12 13 27
f 83 12 27
f 13 29 27
f 84 12 83
f 85 84 89
f 27 28 43
f 40 27 43
f 30 32 45
f 43 30 45
f 28 30 43
f 83 27 93
f 93 27 40
f 89 84 83
f 40 43 42
f 43 45 44
f 42 43 44
f 159 85 89
f 40 42 92
f 90 40 92
f 42 44 41
f 41 44 46
f 92 42 41
f 83 93 91
f 93 40 90
f 91 93 90
f 89 83 91
f 41 46 98
f 95 41 98
f 92 41 95
f 159 89 164
f 90 92 94
f 169 90 94
f 94 95 96
f 95 98 96
f 92 95 94
f 91 90 169
f 168 91 169
f 89 91 168
f 164 89 168
f 169 94 171
f 94 96 172
f 171 94 172
f 82 153 155
f 25 22 26
f 36 26 37
f 21 25 36
f 20 19 21
f 18 8 20
f 19 10 25
f 24 88 87
f 26 24 23
f 78 148 146
f 10 77 22
f 8 7 19
f 4 6 7
f 7 9 10
f 5 70 6
f 61 69 70
f 9 76 77
f 6 75 9
f 67 136 68
f 69 63 66
f 66 65 67
f 74 78 76
f 69 74 75
f 66 68 73
f 22 82 24
f 82 155 88
f 76 71 82
f 71 153 82
f 155 153 152
f 145 138 146
f 134 144 141
f 134 141 130
f 133 130 132
f 133 134 130
f 143 141 142
f 131 141 143
f 141 138 145
f 190 197 207
f 202 195 196
f 206 196 203
f 138 144 211
f 211 210 208
f 146 138 137
f 137 138 153
f 208 209 226
f 208 203 209
f 200 201 209
f 224 208 226
f 224 226 223
f 152 224 223
f 238 223 241
f 10 22 25
f 25 26 36
f 21 35 33
f 18 20 33
f 20 21 33
f 21 36 35
f 8 19 20
f 19 25 21
f 26 23 37
f 22 24 26
f 147 148 78
f 9 77 10
f 4 7 8
f 5 6 4
f 7 10 19
f 6 9 7
f 61 70 5
f 63 69 61
f 9 75 76
f 70 75 6
f 70 69 75
f 63 65 66
f 65 128 135
f 65 135 67
f 66 67 68
f 135 129 136
f 67 135 136
f 75 74 76
f 69 66 74
f 74 73 72
f 74 66 73
f 74 147 78
f 74 72 147
f 22 77 82
f 24 82 88
f 77 76 82
f 71 137 153
f 76 78 71
f 146 137 71
f 78 146 71
f 135 128 133
f 121 133 128
f 133 132 129
f 135 133 129
f 121 207 134
f 121 134 133
f 130 141 131
f 148 139 146
f 139 145 146
f 141 145 142
f 142 145 140
f 141 144 138
f 204 205 206
f 134 207 144
f 207 204 144
f 144 204 206
f 207 121 190
f 207 197 204
f 196 199 203
f 205 202 196
f 205 196 206
f 144 206 210
f 144 210 211
f 210 203 208
f 206 203 210
f 138 211 153
f 153 208 224
f 211 208 153
f 153 224 152
f 226 209 220
f 226 220 225
f 203 194 200
f 203 199 194
f 200 194 198
f 203 200 209
f 209 201 220
f 223 226 222
f 226 221 222
f 226 225 221
f 152 223 160
f 223 222 241
f 219 239 241
f 222 219 241
f 160 223 238
f 11 1 14
f 16 18 33
f 17 8 18
f 13 14 29
f 14 15 31
f 1 17 15
f 81 11 13
f 80 81 85
f 81 84 85
f 108 51 111
f 58 2 1
f 2 5 4
f 3 4 17
f 1 3 17
f 127 64 59
f 63 61 62
f 62 61 5
f 128 65 126
f 65 63 60
f 60 63 62
f 125 126 127
f 57 62 2
f 57 2 56
f 55 53 54
f 60 62 53
f 53 57 56
f 54 53 118
f 118 53 51
f 58 11 79
f 106 52 150
f 56 58 79
f 106 111 52
f 51 56 52
f 183 181 180
f 114 124 117
f 122 121 128
f 128 126 122
f 121 122 124
f 121 123 190
f 191 190 189
f 199 196 193
f 190 123 114
f 196 192 187
f 117 105 113
f 117 120 112
f 115 117 113
f 114 117 116
f 182 114 181
f 116 111 106
f 116 106 107
f 194 193 186
f 185 179 216
f 186 193 179
f 217 180 212
f 212 107 149
f 213 217 215
f 217 212 215
f 228 149 158
f 150 79 151
f 11 14 13
f 17 16 15
f 31 15 33
f 15 16 33
f 17 18 16
f 14 31 29
f 1 15 14
f 81 13 12
f 81 12 84
f 108 118 51
f 58 1 11
f 2 4 3
f 4 8 17
f 2 3 1
f 62 5 2
f 65 60 64
f 126 65 64
f 126 64 127
f 64 60 59
f 56 2 58
f 59 60 55
f 60 53 55
f 53 62 57
f 51 53 56
f 79 11 81
f 150 52 79
f 52 56 79
f 111 51 52
f 79 81 80
f 151 79 80
f 150 151 149
f 123 124 114
f 123 121 124
f 117 124 120
f 124 122 120
f 120 122 119
f 122 126 125
f 119 122 125
f 197 190 191
f 195 188 196
f 188 192 196
f 192 189 187
f 189 114 187
f 189 190 114
f 196 187 193
f 116 115 111
f 117 112 105
f 115 113 110
f 115 109 111
f 109 108 111
f 116 117 115
f 193 187 183
f 187 182 183
f 187 114 182
f 114 116 181
f 182 181 183
f 180 181 107
f 181 116 107
f 106 150 107
f 107 150 149
f 179 217 216
f 216 217 218
f 194 186 184
f 199 193 194
f 185 186 179
f 193 183 179
f 179 180 217
f 183 180 179
f 180 107 212
f 215 212 228
f 227 214 228
f 214 215 228
f 218 217 213
f 212 149 228
f 227 228 230
f 241 239 234
f 162 87 163
f 156 88 87
f 156 87 162
f 154 156 162
f 156 155 88
f 155 156 154
f 152 155 154
f 152 154 160
f 160 154 162
f 176 177 178
f 176 174 177
f 161 174 176
f 162 163 174
f 251 175 178
f 248 252 172
f 252 173 172
f 252 251 173
f 251 178 173
f 175 176 178
f 161 162 174
f 254 175 251
f 247 252 248
f 247 250 252
f 250 251 252
f 250 254 251
f 254 176 175
f 254 253 176
f 238 161 176
f 253 238 176
f 238 162 161
f 236 253 254
f 246 250 247
f 246 249 250
f 249 254 250
f 249 236 254
f 160 162 238
f 240 253 236
f 233 237 246
f 237 249 246
f 237 236 249
f 241 238 253
f 240 241 253
f 234 240 236
f 232 237 233
f 232 235 237
f 235 234 237
f 237 234 236
f 234 241 240
f 39 36 35
f 35 33 34
f 34 33 32
f 38 23 37
f 37 36 39
f 24 23 38
f 87 24 163
f 39 35 50
f 50 35 34
f 24 38 86
f 163 24 86
f 34 32 45
f 48 34 45
f 50 34 48
f 38 37 104
f 38 104 86
f 37 39 50
f 104 37 50
f 48 45 44
f 47 48 44
f 50 48 47
f 49 50 47
f 104 50 49
f 103 49 100
f 100 47 46
f 47 44 46
f 49 47 100
f 86 104 102
f 104 49 103
f 102 104 103
f 174 86 102
f 163 86 174
f 103 100 99
f 100 46 98
f 99 100 98
f 103 99 101
f 99 98 97
f 97 98 96
f 101 99 97
f 102 103 101
f 177 102 101
f 174 102 177
f 97 96 172
f 173 97 172
f 101 97 173
f 178 101 173
f 177 101 178
f 85 80 159
f 80 158 159
f 80 151 158
f 151 149 158
f 159 158 157
f 168 166 167
f 168 167 169
f 164 166 168
f 159 157 164
f 169 167 171
f 167 170 171
f 171 170 172
f 170 248 172
f 167 243 170
f 243 245 170
f 170 245 248
f 166 243 167
f 166 165 243
f 164 157 166
f 243 244 245
f 242 244 243
f 245 247 248
f 244 247 245
f 165 242 243
f 166 157 165
f 242 231 244
f 244 246 247
f 231 246 244
f 157 242 165
f 242 229 231
f 231 233 246
f 157 228 242
f 228 229 242
f 158 228 157
f 229 230 231
f 230 232 233
f 231 230 233
f 228 230 229
f 28 29 27
f 33 31 32
f 31 30 32
f 31 29 30
f 29 28 30
f 13 12 27
f 12 83 27
f 29 13 27
f 12 84 83
f 84 85 89
f 28 27 43
f 27 40 43
f 32 30 45
f 30 43 45
f 30 28 43
f 27 83 93
f 27 93 40
f 84 89 83
f 43 40 42
f 45 43 44
f 43 42 44
f 85 159 89
f 42 40 92
f 40 90 92
f 44 42 41
f 44 41 46
f 42 92 41
f 93 83 91
f 40 93 90
f 93 91 90
f 83 89 91
f 46 41 98
f 41 95 98
f 41 92 95
f 89 159 164
f 92 90 94
f 90 169 94
f 95 94 96
f 98 95 96
f 95 92 94
f 90 91 169
f 91 168 169
f 91 89 168
f 89 164 168
f 94 169 171
f 96 94 172
f 94 171 172
f 153 82 155
f 22 25 26
f 26 36 37
f 25 21 36
f 19 20 21
f 8 18 20
f 10 19 25
f 88 24 87
f 24 26 23
f 148 78 146
f 77 10 22
f 7 8 19
f 6 4 7
f 9 7 10
f 70 5 6
f 69 61 70
f 76 9 77
f 75 6 9
f 136 67 68
f 63 69 66
f 65 66 67
f 78 74 76
f 74 69 75
f 68 66 73
f 82 22 24
f 155 82 88
f 71 76 82
f 153 71 82
f 153 155 152
f 138 145 146
f 144 134 141
f 141 134 130
f 130 133 132
f 134 133 130
f 141 143 142
f 141 131 143
f 138 141 145
f 197 190 207
f 195 202 196
f 196 206 203
f 144 138 211
f 210 211 208
f 138 146 137
f 138 137 153
f 209 208 226
f 203 208 209
f 201 200 209
f 208 224 226
f 226 224 223
f 224 152 223
f 223 238 241
f 22 10 25
f 26 25 36
f 35 21 33
f 20 18 33
f 21 20 33
f 36 21 35
f 19 8 20
f 25 19 21
f 23 26 37
f 24 22 26
f 148 147 78
f 77 9 10
f 7 4 8
f 6 5 4
f 10 7 19
f 9 6 7
f 70 61 5
f 69 63 61
f 75 9 76
f 75 70 6
f 69 70 75
f 65 63 66
f 128 65 135
f 135 65 67
f 67 66 68
f 129 135 136
f 135 67 136
f 74 75 76
f 66 69 74
f 73 74 72
f 66 74 73
f 147 74 78
f 72 74 147
f 77 22 82
f 82 24 88
f 76 77 82
f 137 71 153
f 78 76 71
f 137 146 71
f 146 78 71
f 128 135 133
f 133 121 128
f 132 133 129
f 133 135 129
f 207 121 134
f 134 121 133
f 141 130 131
f 139 148 146
f 145 139 146
f 145 141 142
f 145 142 140
f 144 141 138
f 205 204 206
f 207 134 144
f 204 207 144
f 204 144 206
f 121 207 190
f 197 207 204
f 199 196 203
f 202 205 196
f 196 205 206
f 206 144 210
f 210 144 211
f 203 210 208
f 203 206 210
f 211 138 153
f 208 153 224
f 208 211 153
f 224 153 152
f 209 226 220
f 220 226 225
f 194 203 200
f 199 203 194
f 194 200 198
f 200 203 209
f 201 209 220
f 226 223 222
f 221 226 222
f 225 226 221
f 223 152 160
f 222 223 241
f 239 219 241
f 219 222 241
f 223 160 238
f 1 11 14
f 18 16 33
f 8 17 18
f 14 13 29
f 15 14 31
f 17 1 15
f 11 81 13
f 81 80 85
f 84 81 85
f 51 108 111
f 2 58 1
f 5 2 4
f 4 3 17
f 3 1 17
f 64 127 59
f 61 63 62
f 61 62 5
f 65 128 126
f 63 65 60
f 63 60 62
f 126 125 127
f 62 57 2
f 2 57 56
f 53 55 54
f 62 60 53
f 57 53 56
f 53 54 118
f 53 118 51
f 11 58 79
f 52 106 150
f 58 56 79
f 111 106 52
f 56 51 52
f 181 183 180
f 124 114 117
f 121 122 128
f 126 128 122
f 122 121 124
f 123 121 190
f 190 191 189
f 196 199 193
f 123 190 114
f 192 196 187
f 105 117 113
f 120 117 112
f 117 115 113
f 117 114 116
f 114 182 181
f 111 116 106
f 106 116 107
f 193 194 186
f 179 185 216
f 193 186 179
f 180 217 212
f 107 212 149
f 217 213 215
f 212 217 215
f 149 228 158
f 79 150 151
f 14 11 13
f 16 17 15
f 15 31 33
f 16 15 33
f 18 17 16
f 31 14 29
f 15 1 14
f 13 81 12
f 12 81 84
f 118 108 51
f 1 58 11
f 4 2 3
f 8 4 17
f 3 2 1
f 5 62 2
f 60 65 64
f 65 126 64
f 64 126 127
f 60 64 59
f 2 56 58
f 60 59 55
f 53 60 55
f 62 53 57
f 53 51 56
f 11 79 81
f 52 150 79
f 56 52 79
f 51 111 52
f 81 79 80
f 79 151 80
f 151 150 149
f 124 123 114
f 121 123 124
f 124 117 120
f 122 124 120
f 122 120 119
f 126 122 125
f 122 119 125
f 190 197 191
f 188 195 196
f 192 188 196
f 189 192 187
f 114 189 187
f 190 189 114
f 187 196 193
f 115 116 111
f 112 117 105
f 113 115 110
f 109 115 111
f 108 109 111
f 117 116 115
f 187 193 183
f 182 187 183
f 114 187 182
f 116 114 181
f 181 182 183
f 181 180 107
f 116 181 107
f 150 106 107
f 150 107 149
f 217 179 216
f 217 216 218
f 186 194 184
f 193 199 194
f 186 185 179
f 183 193 179
f 180 179 217
f 180 183 179
f 107 180 212
f 212 215 228
f 214 227 228
f 215 214 228
f 217 218 213
f 149 212 228
f 228 227 230
f 239 241 234

#	             End of file
