####
#
#	OBJ File Generated by LightWave3D
#	LightWave3D OBJ Export v2.2
#
####
#	Object: 2
#
#	                Vertices: 216
#	                  Points: 0
#	                   Lines: 0
#	                   Faces: 562
#	               Materials: 1
#
####

o 2

#	             Vertex list

v 69.5657 64.4612 -48.4091
v 52.6211 63.6764 -70.832
v 71.5285 57.7059 -58.0648
v 24.5167 60.0485 -78.6746
v 17.6333 63.1821 -77.2288
v 33.0384 53.4381 -81.1679
v 32.1689 71.1845 -70.1982
v 37.5008 82.3431 -52.7529
v 8.10173 65.2873 -75.9554
v -34.6582 51.6008 -82.2143
v -22.7848 61.1529 -78.4231
v -8.21007 65.266 -76.1343
v -14.712 64.0158 -76.852
v -41.6798 78.5265 -57.8996
v -0.0304945 65.8961 -75.8452
v -0.0207 65.7642 -75.8211
v -0.0207 80.8461 -60.4862
v -35.7323 69.635 -71.1957
v -71.0046 58.6535 -56.5772
v -60.4287 63.5249 -64.8854
v -72.333 49.5135 -64.2143
v -58.083 48.2988 -77.2808
v 60.1319 42.1796 -78.7207
v 73.3839 41.6894 -68.5618
v 76.1862 24.7027 -71.8038
v 79.5857 3.58291 -72.8273
v 39.9369 43.0188 -84.2604
v 44.1365 30.518 -86.7133
v 45.9155 17.5568 -88.4733
v 46.1025 5.71061 -89.635
v -42.1034 37.9171 -85.6201
v -45.4654 22.9158 -87.7755
v -46.205 9.0556 -89.1141
v -75.9687 27.1443 -71.5564
v -73.0815 43.5367 -67.3281
v -64.6282 19.2268 -82.6875
v -79.7307 4.14463 -72.8412
v 69.9867 -36.1226 -81.5498
v 81.5996 -11.4 -71.8997
v 85.5502 -28.2135 -65.1974
v 82.5697 -40.1758 -68.4064
v 86.6847 -31.6688 -62.7127
v 90.0075 -38.0106 -55.6414
v 62.3189 -11.6052 -87.185
v 72.8066 -5.5309 -81.1503
v 13.7834 -40.177 -89.2285
v 11.3864 -41.4088 -88.5503
v 0.222697 -39.2738 -87.6398
v 4.53892 -38.4532 -89.8586
v 4.48687 -38.3581 -89.7131
v 19.5619 -44.1534 -87.6869
v 23.1961 -44.028 -88.0191
v 13.7775 -40.1766 -89.2623
v 23.0977 -43.9472 -87.9256
v 9.47945 -34.7483 -90.3988
v 12.5977 -27.3233 -91.4566
v 11.5882 -31.2385 -91.1069
v 37.9436 -18.6372 -91.1301
v 31.9471 -22.7519 -91.2662
v 23.9375 -25.474 -91.3276
v 45.3575 -35.1297 -89.0882
v 43.4816 -11.2434 -90.7594
v 44.7885 -6.40258 -90.4967
v -0.0796328 -39.5904 -89.663
v -0.0324872 -40.0149 -88.9977
v -0.032579 -40.0094 -88.9891
v -18.3864 -44.0149 -87.5905
v -13.3197 -40.1734 -89.1344
v -9.01098 -35.3047 -90.2483
v -4.34419 -38.3513 -89.7412
v -10.0755 -41.2243 -88.5587
v -4.4903 -38.3502 -89.7165
v -38.0756 -18.6193 -90.9691
v -31.2477 -23.2196 -91.2442
v -11.5204 -31.6603 -90.9793
v -23.4454 -44.4908 -87.5569
v -23.4395 -44.5794 -87.9383
v -13.3203 -40.1768 -89.1668
v -24.3598 -25.3976 -91.4216
v -12.5394 -27.6102 -91.521
v -43.5441 -11.2441 -90.4841
v -45.5944 -2.46947 -90.016
v -85.6947 -28.2832 -65.1605
v -67.8417 -18.812 -84.6831
v -90.0533 -37.9041 -55.8897
v -86.9336 -31.9424 -62.4865
v -82.5726 -40.1154 -68.4778
v -52.7532 -35.0624 -87.6828
v -81.7008 -11.5243 -71.937
v 63.8751 -75.3312 -60.1269
v 81.4035 -59.8025 -58.6018
v 64.1042 -60.3604 -73.9719
v 19.9525 -88.8264 -55.1457
v 19.2014 -86.9086 -57.6907
v 19.9358 -88.8653 -55.153
v 31.5505 -83.0354 -63.0496
v 32.6502 -84.9148 -61.0256
v 37.8148 -76.8898 -69.2111
v 37.3728 -81.4065 -65.0596
v 39.577 -78.4765 -67.9262
v 39.205 -67.9891 -75.9044
v 41.5482 -69.3936 -75.0885
v 38.5449 -58.9718 -81.1174
v 34.7957 -56.9119 -82.2598
v 26.9792 -48.6202 -86.0127
v 29.9287 -48.7505 -86.1648
v 38.7953 -59.5626 -82.3875
v 10.4051 -87.8671 -55.9307
v 10.5297 -89.8424 -53.141
v -0.01359 -88.1586 -55.2747
v -0.0113012 -90.2547 -52.5323
v -10.3141 -89.8284 -53.1297
v -0.0163104 -90.3158 -52.5281
v -37.6934 -77.2441 -68.9102
v -39.2944 -79.0612 -67.3895
v -37.2163 -81.6174 -64.8366
v -31.3717 -83.1284 -62.9256
v -10.2912 -87.8472 -55.9312
v -32.2348 -85.1249 -60.7361
v -19.6901 -88.8559 -55.1006
v -19.0174 -86.9031 -57.6585
v -32.274 -85.9386 -60.9656
v -10.2388 -90.4581 -53.2201
v -0.0207 -90.1289 -52.4407
v -19.6729 -88.8792 -55.0934
v -26.7274 -49.0565 -85.6407
v -35.2998 -58.3247 -81.4093
v -41.6066 -70.7291 -74.1419
v -38.9287 -60.3489 -80.3331
v -39.2765 -68.9711 -75.227
v -38.832 -80.8744 -66.5672
v -30.5328 -49.7974 -85.5172
v -38.9009 -60.4029 -80.4569
v -41.8056 -71.1445 -74.7425
v -64.2894 -75.7792 -59.2749
v -81.9126 -59.8597 -57.8866
v -69.3401 -49.6611 -76.5635
v 67.7805 69.3345 -35.7281
v 66.8154 71.2958 -24.0826
v 60.4047 75.0461 -43.5695
v 66.4987 71.7002 -14.2601
v 66.5318 70.9228 -1.6784
v 38.8265 88.7332 -17.9868
v -0.012364 91.5324 -30.2627
v -39.6243 85.3595 -40.9477
v -0.0281953 91.8332 -27.8946
v -67.3614 70.8964 -29.1111
v -69.2894 67.505 -43.0391
v -66.5286 71.8517 -14.3721
v -66.9573 71.8033 -2.94125
v 93.7684 -43.8484 -38.5116
v 94.4313 -45.4031 -26.5922
v -94.4414 -45.3855 -26.5241
v -93.8551 -43.8506 -38.5135
v 55.7735 -87.4018 -40.5477
v 59.3243 -84.7707 -0.854652
v 77.8651 -76.7454 -10.2754
v 76.847 -76.2142 -39.6618
v 88.7217 -64.9268 -26.2732
v 40.2863 -89.7641 -4.5948
v -0.0458509 -93.5611 -31.7591
v -0.0175216 -93.236 -17.4251
v -55.3604 -88.4343 -33.7157
v -76.7956 -77.0615 -3.42535
v -76.7122 -76.4825 -39.3622
v -88.5948 -65.174 -26.1266
v 74.243 51.2696 32.3847
v 57.3939 79.2999 18.3044
v 73.7439 52.3327 28.568
v 70.1758 62.435 19.5884
v 67.2923 68.7094 8.19939
v 39.7077 88.8833 20.9914
v -46.5454 86.0922 3.22369
v -0.0175805 91.5199 25.671
v -27.9415 90.712 11.3005
v -0.0234525 91.6651 23.8195
v -67.0196 68.8845 7.81847
v -73.2652 54.8949 26.1903
v -70.25 61.8778 20.141
v -74.3673 52.1095 29.436
v 92.9566 -44.8332 6.52024
v 89.7213 -42.0523 23.115
v 87.4031 -36.5273 36.341
v -87.4249 -36.5222 36.3344
v -89.8037 -42.0987 22.9375
v -93.0943 -44.8837 6.00815
v 86.802 -63.4188 5.10375
v -0.0183687 -88.0008 14.8724
v -33.3759 -86.2143 18.3958
v -60.2413 -83.9092 1.48046
v -86.6535 -63.6159 5.35959
v 70.3822 52.0308 68.65
v 71.6606 50.009 66.3985
v 54.2192 66.674 76.9325
v 72.2703 48.5454 63.1533
v 16.9025 81.3555 89.4626
v -40.43 74.3959 82.7027
v -0.0369747 83.053 91.5042
v -18.4516 81.1663 89.3711
v -0.00908811 83.105 91.5119
v -72.9105 48.8105 62.1633
v -71.7493 49.9481 66.3007
v -70.6705 52.4401 68.7404
v 79.6247 -42.4687 63.0155
v 81.7638 -35.9396 59.3915
v 80.8603 -38.0064 61.2505
v -82.3879 -35.7554 57.5705
v -79.0981 -44.7707 63.1311
v 49.1166 -70.3371 63.0765
v 63.5384 -64.8161 63.3674
v 73.5109 -55.4602 63.1792
v 27.9852 -74.5077 63.0208
v -28.1194 -74.3704 63.0242
v -48.319 -70.5742 63.0666
v -62.4906 -64.5411 63.1109
v -73.5404 -55.6773 63.2604

#	    Point/Line/Face list

usemtl ð‰]ì‰}ä‰uè‹E‹Pƒú„
f 82 81 84
f 36 33 84
f 33 82 84
f 37 36 84
f 34 36 37
f 89 37 84
f 36 32 33
f 36 31 32
f 22 31 36
f 21 22 35
f 21 20 22
f 35 22 34
f 34 22 36
f 19 20 21
f 18 17 15
f 17 7 16
f 16 7 9
f 145 146 17
f 144 8 17
f 14 145 17
f 14 17 18
f 17 8 7
f 144 143 8
f 175 146 145
f 176 146 175
f 144 174 172
f 143 144 172
f 200 176 199
f 174 198 196
f 176 175 199
f 172 174 196
f 199 175 197
f 175 173 197
f 175 145 173
f 18 13 11
f 18 12 13
f 18 15 12
f 18 11 10
f 197 173 150
f 197 150 203
f 173 149 150
f 173 145 147
f 149 173 147
f 145 14 148
f 147 145 148
f 14 18 20
f 148 14 20
f 18 10 22
f 20 18 22
f 22 10 31
f 203 150 201
f 202 203 201
f 150 180 201
f 150 178 180
f 150 179 178
f 150 177 179
f 148 20 19
f 26 39 45
f 45 25 26
f 63 30 44
f 63 44 62
f 23 24 25
f 23 3 24
f 23 25 45
f 29 23 44
f 28 23 29
f 23 45 44
f 30 29 44
f 141 168 142
f 140 168 141
f 140 141 139
f 142 168 171
f 171 168 170
f 169 170 167
f 170 168 192
f 170 192 195
f 167 170 195
f 168 194 192
f 192 193 195
f 168 172 194
f 172 196 194
f 143 168 140
f 143 172 168
f 140 138 1
f 140 139 138
f 8 143 140
f 2 140 3
f 8 140 2
f 140 1 3
f 2 3 23
f 7 8 2
f 27 2 23
f 6 2 27
f 7 2 6
f 27 23 28
f 9 7 5
f 5 7 4
f 4 7 6
f 79 75 88
f 87 137 136
f 136 137 135
f 85 87 136
f 166 136 165
f 154 136 166
f 136 135 165
f 154 85 136
f 153 154 166
f 191 166 164
f 191 186 166
f 166 165 164
f 186 153 166
f 216 191 164
f 216 208 191
f 208 186 191
f 215 216 164
f 215 164 190
f 214 215 190
f 164 165 163
f 190 164 163
f 165 135 163
f 135 137 134
f 137 88 133
f 137 133 134
f 88 132 133
f 88 75 78
f 88 77 132
f 88 78 77
f 214 190 189
f 213 214 189
f 189 190 163
f 163 135 122
f 135 134 131
f 135 131 122
f 129 130 128
f 132 127 129
f 129 127 130
f 76 126 132
f 132 126 127
f 75 69 78
f 79 80 75
f 74 79 88
f 84 88 137
f 87 84 137
f 85 86 87
f 208 185 186
f 184 185 208
f 207 184 208
f 84 81 73
f 89 84 87
f 83 89 87
f 84 73 88
f 73 74 88
f 86 83 87
f 188 189 162
f 189 163 162
f 163 123 162
f 122 125 123
f 122 123 163
f 123 124 162
f 119 121 120
f 121 118 120
f 116 117 119
f 119 117 121
f 116 115 117
f 128 114 115
f 115 114 117
f 128 130 114
f 160 188 161
f 124 109 161
f 108 109 111
f 120 118 112
f 118 110 112
f 112 110 113
f 70 64 71
f 69 72 78
f 68 70 71
f 68 71 67
f 68 67 76
f 76 67 126
f 205 206 204
f 183 205 204
f 182 183 204
f 182 204 181
f 42 43 41
f 40 42 41
f 38 45 41
f 45 39 41
f 39 40 41
f 44 45 38
f 61 44 38
f 60 59 61
f 59 58 61
f 58 44 61
f 57 60 61
f 61 38 107
f 38 41 92
f 107 38 92
f 41 43 91
f 92 41 91
f 43 151 91
f 151 152 159
f 91 151 159
f 152 181 159
f 181 187 159
f 181 204 187
f 204 211 187
f 92 91 90
f 91 159 158
f 90 91 158
f 159 187 157
f 158 159 157
f 187 211 210
f 187 210 157
f 57 61 53
f 54 61 107
f 53 61 54
f 106 54 107
f 90 158 155
f 158 157 155
f 157 156 155
f 157 210 156
f 210 209 156
f 55 57 53
f 105 52 106
f 51 52 105
f 104 106 103
f 105 106 104
f 107 92 102
f 101 103 102
f 104 103 101
f 100 92 90
f 102 92 100
f 100 90 99
f 99 90 155
f 155 156 160
f 209 212 156
f 156 212 160
f 98 102 100
f 101 102 98
f 98 100 99
f 97 99 155
f 96 99 97
f 98 99 96
f 95 97 155
f 95 155 161
f 155 160 161
f 212 188 160
f 94 97 93
f 96 97 94
f 109 95 161
f 62 44 58
f 56 60 57
f 49 46 47
f 48 49 47
f 50 55 53
f 46 52 51
f 47 46 51
f 108 93 109
f 108 94 93
f 47 108 110
f 110 108 111
f 66 47 110
f 118 66 110
f 47 94 108
f 105 96 94
f 51 105 94
f 47 51 94
f 104 98 96
f 105 104 96
f 104 101 98
f 71 66 118
f 67 71 118
f 64 65 71
f 126 67 121
f 121 67 118
f 127 126 117
f 117 126 121
f 130 127 114
f 114 127 117
f 188 213 189
f 212 213 188
f 81 82 84
f 33 36 84
f 82 33 84
f 36 37 84
f 36 34 37
f 37 89 84
f 32 36 33
f 31 36 32
f 31 22 36
f 22 21 35
f 20 21 22
f 22 35 34
f 22 34 36
f 20 19 21
f 17 18 15
f 7 17 16
f 7 16 9
f 146 145 17
f 8 144 17
f 145 14 17
f 17 14 18
f 8 17 7
f 143 144 8
f 146 175 145
f 146 176 175
f 174 144 172
f 144 143 172
f 176 200 199
f 198 174 196
f 175 176 199
f 174 172 196
f 175 199 197
f 173 175 197
f 145 175 173
f 13 18 11
f 12 18 13
f 15 18 12
f 11 18 10
f 173 197 150
f 150 197 203
f 149 173 150
f 145 173 147
f 173 149 147
f 14 145 148
f 145 147 148
f 18 14 20
f 14 148 20
f 10 18 22
f 18 20 22
f 10 22 31
f 150 203 201
f 203 202 201
f 180 150 201
f 178 150 180
f 179 150 178
f 177 150 179
f 20 148 19
f 39 26 45
f 25 45 26
f 30 63 44
f 44 63 62
f 24 23 25
f 3 23 24
f 25 23 45
f 23 29 44
f 23 28 29
f 45 23 44
f 29 30 44
f 168 141 142
f 168 140 141
f 141 140 139
f 168 142 171
f 168 171 170
f 170 169 167
f 168 170 192
f 192 170 195
f 170 167 195
f 194 168 192
f 193 192 195
f 172 168 194
f 196 172 194
f 168 143 140
f 172 143 168
f 138 140 1
f 139 140 138
f 143 8 140
f 140 2 3
f 140 8 2
f 1 140 3
f 3 2 23
f 8 7 2
f 2 27 23
f 2 6 27
f 2 7 6
f 23 27 28
f 7 9 5
f 7 5 4
f 7 4 6
f 75 79 88
f 137 87 136
f 137 136 135
f 87 85 136
f 136 166 165
f 136 154 166
f 135 136 165
f 85 154 136
f 154 153 166
f 166 191 164
f 186 191 166
f 165 166 164
f 153 186 166
f 191 216 164
f 208 216 191
f 186 208 191
f 216 215 164
f 164 215 190
f 215 214 190
f 165 164 163
f 164 190 163
f 135 165 163
f 137 135 134
f 88 137 133
f 133 137 134
f 132 88 133
f 75 88 78
f 77 88 132
f 78 88 77
f 190 214 189
f 214 213 189
f 190 189 163
f 135 163 122
f 134 135 131
f 131 135 122
f 130 129 128
f 127 132 129
f 127 129 130
f 126 76 132
f 126 132 127
f 69 75 78
f 80 79 75
f 79 74 88
f 88 84 137
f 84 87 137
f 86 85 87
f 185 208 186
f 185 184 208
f 184 207 208
f 81 84 73
f 84 89 87
f 89 83 87
f 73 84 88
f 74 73 88
f 83 86 87
f 189 188 162
f 163 189 162
f 123 163 162
f 125 122 123
f 123 122 163
f 124 123 162
f 121 119 120
f 118 121 120
f 117 116 119
f 117 119 121
f 115 116 117
f 114 128 115
f 114 115 117
f 130 128 114
f 188 160 161
f 109 124 161
f 109 108 111
f 118 120 112
f 110 118 112
f 110 112 113
f 64 70 71
f 72 69 78
f 70 68 71
f 71 68 67
f 67 68 76
f 67 76 126
f 206 205 204
f 205 183 204
f 183 182 204
f 204 182 181
f 43 42 41
f 42 40 41
f 45 38 41
f 39 45 41
f 40 39 41
f 45 44 38
f 44 61 38
f 59 60 61
f 58 59 61
f 44 58 61
f 60 57 61
f 38 61 107
f 41 38 92
f 38 107 92
f 43 41 91
f 41 92 91
f 151 43 91
f 152 151 159
f 151 91 159
f 181 152 159
f 187 181 159
f 204 181 187
f 211 204 187
f 91 92 90
f 159 91 158
f 91 90 158
f 187 159 157
f 159 158 157
f 211 187 210
f 210 187 157
f 61 57 53
f 61 54 107
f 61 53 54
f 54 106 107
f 158 90 155
f 157 158 155
f 156 157 155
f 210 157 156
f 209 210 156
f 57 55 53
f 52 105 106
f 52 51 105
f 106 104 103
f 106 105 104
f 92 107 102
f 103 101 102
f 103 104 101
f 92 100 90
f 92 102 100
f 90 100 99
f 90 99 155
f 156 155 160
f 212 209 156
f 212 156 160
f 102 98 100
f 102 101 98
f 100 98 99
f 99 97 155
f 99 96 97
f 99 98 96
f 97 95 155
f 155 95 161
f 160 155 161
f 188 212 160
f 97 94 93
f 97 96 94
f 95 109 161
f 44 62 58
f 60 56 57
f 46 49 47
f 49 48 47
f 55 50 53
f 52 46 51
f 46 47 51
f 93 108 109
f 94 108 93
f 108 47 110
f 108 110 111
f 47 66 110
f 66 118 110
f 94 47 108
f 96 105 94
f 105 51 94
f 51 47 94
f 98 104 96
f 104 105 96
f 101 104 98
f 66 71 118
f 71 67 118
f 65 64 71
f 67 126 121
f 67 121 118
f 126 127 117
f 126 117 121
f 127 130 114
f 127 114 117
f 213 188 189
f 213 212 188

#	             End of file
